1 114 79 198 186 192 31 191 140 43 29 70 21 17 27 108 185 143 99 33 193 182 190 175 30 -1
2 116 150 118 50 142 190 92 195 77 85 171 -1
3 149 124 195 79 97 119 93 55 67 26 109 -1
4 154 106 9 51 56 189 32 68 124 15 176 103 163 38 198 57 193 135 -1
5 127 154 56 40 102 199 156 50 44 91 88 168 30 -1
6 31 110 197 80 127 119 70 143 152 63 45 128 176 184 115 34 160 56 -1
7 39 64 176 180 41 177 139 162 122 94 21 -1
8 158 55 95 40 20 114 179 37 180 113 43 61 53 15 119 74 101 71 171 79 44 121 3 11 -1
9 75 58 7 142 171 168 -1
10 90 44 55 36 173 95 128 108 -1
11 102 43 157 108 129 8 143 5 6 136 70 185 184 179 93 71 120 119 161 68 1 156 -1
12 108 42 175 63 21 5 91 119 92 167 83 23 12 114 113 8 79 151 149 80 -1
13 122 77 175 69 13 102 105 107 157 61 63 187 81 26 79 57 -1
14 105 92 19 133 174 144 182 115 22 26 41 30 72 172 54 170 109 177 125 112 111 85 -1
15 169 199 141 151 83 36 183 21 35 -1
16 64 70 163 200 96 110 139 -1
17 47 36 135 107 106 113 30 1 72 151 75 148 181 139 124 153 157 86 21 130 131 84 99 -1
18 184 141 189 70 142 133 126 12 185 97 22 73 145 165 147 194 30 -1
19 16 127 41 183 178 93 2 173 139 3 51 19 28 161 -1
20 65 88 92 162 71 54 -1
21 168 56 51 53 25 95 189 85 99 167 89 197 -1
22 113 47 161 152 176 22 182 93 17 177 136 20 145 -1
23 158 97 88 129 42 190 117 99 31 22 95 122 169 149 86 -1
24 64 172 88 153 92 -1
25 141 151 149 164 97 44 64 -1
26 37 25 117 65 145 142 187 -1
27 185 131 52 48 190 176 184 72 88 25 118 -1
28 180 79 200 51 168 67 -1
29 200 177 71 197 95 174 59 192 14 18 118 94 176 -1
30 143 131 148 98 59 170 -1
31 165 82 14 147 19 -1
32 43 146 57 3 147 71 -1
33 110 153 139 46 25 58 59 129 172 23 -1
34 61 4 193 29 83 101 176 149 3 173 71 131 49 192 110 162 156 128 154 21 200 163 13 -1
35 33 95 35 94 38 79 103 27 135 167 195 140 125 10 9 74 127 175 -1
36 197 86 72 11 112 152 27 64 81 131 127 76 109 -1
37 12 43 89 21 67 37 163 160 192 81 153 78 77 155 141 51 117 97 24 -1
38 92 75 177 114 149 12 113 176 182 9 85 79 87 8 186 24 148 2 17 126 -1
39 95 183 98 186 174 -1
40 167 75 176 66 17 192 188 111 100 92 90 86 191 108 21 189 135 85 56 196 97 186 160 171 -1
41 134 125 112 185 118 120 58 85 177 113 6 166 -1
42 54 98 122 28 132 185 58 75 73 -1
43 95 109 68 104 175 28 198 143 77 88 94 187 99 153 50 134 197 86 20 80 41 7 -1
44 130 160 10 60 179 41 167 -1
45 183 198 65 1 171 80 68 45 122 26 184 91 125 162 191 39 55 49 197 141 112 14 -1
46 143 158 148 149 107 12 33 106 197 156 132 -1
47 154 36 39 195 147 44 153 82 174 123 51 59 104 109 66 91 55 79 87 -1
48 192 22 87 156 64 185 107 -1
49 31 184 96 188 118 127 136 181 21 64 54 23 138 39 14 112 66 70 164 130 103 -1
50 186 89 67 127 181 196 123 187 61 154 56 3 48 17 178 47 157 121 41 -1
51 124 4 185 145 141 8 66 76 37 174 91 188 58 71 10 95 159 172 -1
52 39 21 179 119 168 158 103 24 84 66 5 166 70 108 102 1 87 181 40 80 115 75 177 159 -1
53 128 15 154 32 14 -1
54 92 100 70 14 78 122 87 131 160 20 125 161 52 198 152 53 -1
55 59 114 128 67 132 186 145 37 168 21 77 1 180 177 50 200 141 -1
56 66 158 77 5 135 103 83 172 121 148 8 34 -1
57 199 188 132 107 3 121 4 75 193 98 115 13 133 102 26 104 -1
58 85 123 142 163 86 69 196 27 -1
59 37 132 169 106 40 92 -1
60 173 45 101 162 76 -1
61 14 182 110 112 150 -1
62 19 94 47 175 33 170 25 87 185 118 125 161 176 32 11 186 45 136 49 113 167 123 -1
63 82 36 175 97 112 196 35 111 88 13 115 42 14 81 173 142 30 17 62 -1
64 193 138 75 72 180 123 99 12 122 -1
65 109 198 17 10 139 164 84 22 -1
66 76 61 83 93 91 90 44 145 89 179 128 78 -1
67 160 102 197 134 111 178 97 73 118 133 34 75 46 83 128 130 117 109 35 90 59 63 -1
68 153 91 119 60 177 198 23 191 33 136 170 193 132 138 98 172 20 101 -1
69 90 72 131 22 39 166 -1
70 39 136 109 25 82 73 12 134 58 116 152 28 164 160 62 91 118 198 46 143 -1
71 2 84 72 179 40 47 159 163 78 31 171 178 182 -1
72 172 161 119 130 175 186 85 12 116 114 150 97 30 11 100 107 129 170 87 64 14 68 -1
73 65 87 150 147 187 34 68 19 195 171 56 158 102 145 90 25 143 154 121 -1
74 161 182 154 39 34 30 123 199 124 147 3 111 138 163 2 5 31 40 -1
75 131 144 127 19 113 33 126 7 85 122 16 172 59 35 163 96 115 193 135 158 41 -1
76 180 121 36 134 6 73 185 125 42 157 186 135 190 145 158 62 15 193 88 192 169 19 -1
77 100 181 189 111 186 87 66 183 102 194 156 45 109 153 -1
78 144 177 147 88 42 53 49 130 104 44 24 65 62 195 28 126 165 22 105 183 171 173 -1
79 72 198 190 151 18 73 118 90 79 149 52 70 86 37 -1
80 63 120 149 79 72 44 153 106 179 198 134 90 45 75 131 144 48 26 80 178 139 200 125 -1
81 161 5 189 173 58 158 120 200 97 81 11 111 45 91 117 126 153 134 2 115 10 -1
82 101 14 153 200 184 71 16 37 46 3 135 67 65 105 31 198 41 70 102 137 95 56 -1
83 135 163 8 181 125 141 78 189 -1
84 139 163 70 96 31 115 -1
85 23 58 92 119 51 103 8 168 191 136 -1
86 60 95 197 113 109 57 13 -1
87 34 15 109 143 14 62 19 192 54 36 114 134 77 26 195 96 49 33 162 132 170 -1
88 95 199 66 189 113 190 50 43 57 51 42 105 194 145 65 136 185 38 169 1 -1
89 150 43 143 61 40 159 26 132 186 192 8 6 165 59 64 -1
90 165 131 122 8 198 104 -1
91 103 163 17 160 128 109 91 60 155 140 148 136 84 99 3 30 146 133 175 131 46 24 197 180 -1
92 67 153 129 138 171 7 10 8 108 135 60 76 13 6 -1
93 25 168 121 198 146 142 12 126 29 1 189 13 180 172 39 150 195 85 174 187 72 35 -1
94 158 78 101 123 167 52 23 181 184 183 45 177 74 174 75 -1
95 69 64 104 103 156 119 -1
96 146 165 128 99 33 166 137 86 32 22 7 93 49 118 26 184 36 54 141 23 127 170 198 16 -1
97 49 71 16 192 40 90 10 -1
98 99 41 76 179 163 147 36 5 198 134 62 67 174 157 -1
99 140 133 83 104 158 32 58 179 191 182 113 61 -1
100 157 199 163 19 61 154 121 51 125 138 169 177 -1
101 92 200 44 103 9 113 146 96 74 48 142 13 8 43 79 -1
102 62 23 127 100 117 175 19 37 138 106 122 27 112 20 56 134 70 168 174 24 -1
103 145 20 47 99 153 5 14 35 158 -1
104 39 97 113 149 98 164 119 108 145 15 115 -1
105 66 1 176 17 129 100 45 190 12 174 10 6 85 138 88 165 158 131 167 74 40 141 18 159 -1
106 100 3 105 168 194 178 79 -1
107 192 40 72 99 162 12 17 188 116 175 54 81 186 45 86 126 24 140 189 181 16 -1
108 93 75 187 122 14 -1
109 101 166 90 124 5 89 83 189 6 165 4 144 146 171 119 -1
110 124 121 107 75 40 193 140 195 92 12 116 165 -1
111 104 106 175 97 165 64 53 -1
112 80 66 37 45 131 182 110 15 151 23 161 191 98 196 150 136 188 107 22 56 -1
113 81 126 7 39 127 79 124 53 109 140 37 101 38 36 108 11 -1
114 81 88 48 126 103 134 183 29 174 2 73 138 135 146 37 154 -1
115 113 117 178 77 35 18 17 54 -1
116 187 1 152 185 54 57 154 137 77 169 150 59 199 11 148 -1
117 77 196 123 94 146 119 193 159 142 197 69 -1
118 118 6 38 182 150 19 164 47 18 144 83 43 162 40 25 -1
119 63 69 181 45 122 151 180 112 65 23 198 116 3 62 106 168 96 189 47 29 -1
120 157 26 76 146 37 81 199 20 88 99 118 178 181 184 52 175 32 159 98 188 170 -1
121 108 92 102 176 115 73 -1
122 57 4 55 181 17 92 146 165 175 14 180 48 129 -1
123 163 168 31 171 30 120 -1
124 126 121 9 116 79 81 11 176 91 -1
125 118 174 121 88 41 191 48 77 26 29 99 195 122 83 -1
126 165 9 105 58 74 -1
127 168 88 153 109 162 118 127 2 27 61 170 181 -1
128 138 193 78 199 98 151 177 26 159 48 79 124 130 161 123 80 167 29 57 143 14 44 100 -1
129 25 18 103 90 117 147 7 17 -1
130 115 90 105 146 80 158 25 14 174 185 106 139 26 35 73 41 12 94 128 135 183 160 -1
131 20 147 193 78 154 175 -1
132 72 13 42 114 14 109 157 188 159 92 34 5 173 130 148 138 59 101 8 140 91 -1
133 129 84 53 50 11 83 -1
134 131 152 56 128 155 16 39 190 27 29 146 -1
135 45 109 120 178 11 25 -1
136 42 180 179 139 143 161 156 95 125 193 -1
137 58 33 64 37 67 155 198 166 140 178 144 26 70 9 192 12 75 181 121 114 176 69 82 145 -1
138 171 192 67 62 102 126 161 39 167 108 75 149 76 50 196 36 178 117 -1
139 16 141 49 29 137 134 108 113 180 100 133 173 81 -1
140 190 22 106 159 175 13 186 43 195 129 76 179 152 26 178 80 32 56 21 69 130 -1
141 32 191 26 31 125 74 94 165 65 116 -1
142 190 183 63 78 141 189 67 -1
143 122 23 194 167 187 155 169 -1
144 68 175 15 8 186 135 78 184 67 36 110 82 38 -1
145 135 142 183 68 2 176 77 101 50 141 133 134 168 -1
146 87 19 22 200 144 62 -1
147 97 113 60 114 161 149 -1
148 9 165 135 69 119 158 199 166 29 81 -1
149 18 85 41 67 83 26 61 174 43 105 -1
150 82 86 106 20 143 190 47 94 126 26 16 111 10 176 -1
-1
1 77 100
2 74 100
3 0 85
4 72 0
5 100 41
6 78 100
7 100 7
8 67 100
9 100 68
10 0 1
11 88 0
12 100 95
13 61 100
14 100 12
15 65 100
16 100 61
17 100 92
18 100 59
19 100 81
20 0 87
21 100 38
22 86 100
23 86 0
24 74 100
25 0 51
26 0 60
27 0 22
28 0 43
29 46 0
30 42 100
31 25 0
32 0 34
33 28 0
34 0 98
35 21 100
36 0 24
37 49 100
-1
