1 47 186 321 193 148 394 134 119 258 264 194 270 181 399 86 135 103 188 130 209 176 318 196 248 -1
2 394 154 344 371 263 231 293 143 370 358 170 319 55 120 194 382 277 214 233 372 98 373 219 -1
3 172 85 28 111 92 217 171 180 291 30 235 150 10 361 272 161 346 381 278 351 -1
4 349 222 25 98 350 73 385 42 202 216 292 -1
5 215 176 210 103 113 46 -1
6 79 5 9 385 265 11 -1
7 352 208 204 97 340 14 315 21 285 75 393 375 313 169 210 182 294 162 84 386 132 235 -1
8 320 262 141 206 272 181 172 365 257 31 358 307 92 311 21 308 254 -1
9 310 241 228 245 234 240 8 26 362 371 167 253 214 290 389 133 13 113 37 122 285 269 199 168 -1
10 36 274 187 179 282 148 242 348 38 -1
11 97 137 226 34 236 392 229 -1
12 381 145 70 58 239 198 319 295 342 338 -1
13 170 279 3 48 247 16 5 15 352 394 26 275 217 259 317 347 1 56 397 229 101 184 256 -1
14 33 309 306 35 380 299 311 385 399 21 352 -1
15 197 145 79 12 33 357 350 204 115 189 82 217 391 158 367 -1
16 398 206 388 177 272 97 75 288 261 16 233 276 167 29 291 51 363 195 197 135 323 108 60 46 -1
17 365 106 144 75 132 54 235 129 124 173 172 390 265 145 218 169 195 94 180 76 376 42 269 -1
18 22 282 205 29 302 363 176 228 86 305 159 381 -1
19 16 127 21 136 58 190 380 323 338 372 7 294 206 -1
20 263 97 99 304 206 329 265 62 382 11 107 216 113 36 79 224 364 387 -1
21 123 204 171 94 150 93 296 281 206 90 5 50 122 238 -1
22 171 383 93 321 363 73 258 302 296 39 386 -1
23 2 54 176 216 7 125 304 148 223 141 129 194 221 -1
24 165 126 380 50 387 294 27 104 -1
25 207 393 356 64 138 108 325 188 398 146 277 230 242 172 62 379 283 77 238 -1
26 79 236 177 347 38 -1
27 110 18 133 345 39 141 195 203 273 371 126 163 379 12 344 152 136 63 239 259 -1
28 367 5 322 217 109 292 -1
29 171 151 382 328 354 207 308 202 -1
30 36 109 277 266 301 165 355 116 182 9 119 214 61 27 241 87 101 206 -1
31 41 260 315 76 292 2 215 152 245 180 146 289 341 162 77 397 240 158 330 274 173 231 86 -1
32 284 96 25 9 258 396 160 58 49 38 219 244 69 23 127 -1
33 297 226 211 38 61 240 279 286 50 145 308 202 113 189 148 392 26 338 376 43 300 206 -1
34 76 396 363 113 208 265 260 385 39 111 224 232 159 28 203 378 50 165 347 370 114 18 194 -1
35 324 253 19 91 124 361 301 351 104 5 4 112 295 15 8 204 222 11 307 77 239 64 165 -1
36 101 302 65 105 219 -1
37 238 122 203 124 312 325 193 45 204 284 190 37 243 209 354 27 117 388 34 -1
38 303 212 133 143 306 386 -1
39 366 344 293 37 195 369 375 249 338 213 174 73 258 337 183 204 288 303 9 267 -1
40 124 389 179 222 22 244 209 79 193 37 365 185 380 195 358 88 129 86 371 301 399 134 -1
41 285 109 302 201 204 -1
42 149 102 372 14 10 12 394 221 244 374 262 80 170 115 378 204 -1
43 182 181 106 215 355 310 64 353 74 297 142 175 261 67 41 202 319 37 338 220 258 -1
44 287 368 82 51 50 164 228 48 291 141 85 207 343 213 395 349 340 358 295 73 244 357 151 257 -1
45 222 142 215 374 148 157 180 151 170 261 269 -1
46 341 124 330 126 315 170 209 219 363 -1
47 382 204 375 338 357 61 137 15 93 117 347 346 39 153 275 174 219 69 -1
48 63 213 124 220 92 4 283 -1
49 318 214 44 9 103 51 34 -1
50 121 74 352 120 15 279 179 81 149 238 138 102 193 185 302 253 93 -1
51 107 127 357 208 345 302 169 136 306 263 -1
52 267 71 98 135 54 283 363 273 202 11 34 249 51 78 371 -1
53 392 37 31 28 207 12 361 321 50 279 148 156 201 29 -1
54 248 42 27 312 365 219 144 26 97 21 46 234 -1
55 148 301 33 305 201 161 151 242 152 310 315 101 246 180 311 277 288 358 175 362 147 81 195 -1
56 341 21 72 361 79 172 66 265 37 275 318 261 268 -1
57 58 194 29 63 98 35 112 373 159 386 368 102 86 271 93 256 277 193 254 214 44 314 400 -1
58 332 326 386 140 193 340 349 277 104 337 333 113 392 149 249 363 300 293 261 96 135 -1
59 285 185 62 388 325 -1
60 59 91 165 315 268 241 105 114 296 62 40 271 161 164 -1
61 51 300 186 125 46 107 250 305 225 200 92 189 96 255 290 393 299 390 -1
62 3 352 83 388 378 255 349 5 216 156 231 168 36 31 -1
63 316 323 288 126 312 275 92 106 70 139 -1
64 102 308 57 76 290 253 374 163 197 395 167 17 -1
65 183 120 167 138 304 288 366 294 352 81 289 32 93 219 282 384 192 178 118 176 355 204 16 -1
66 153 104 363 277 127 52 205 180 131 301 93 226 192 26 302 366 221 25 228 154 382 298 -1
67 272 201 69 369 219 180 45 308 56 178 120 336 140 265 345 326 175 -1
68 395 392 267 223 138 40 329 -1
69 121 189 349 361 61 395 276 72 232 22 152 345 315 227 141 309 -1
70 204 259 299 164 343 108 210 105 53 281 248 342 121 358 363 190 221 236 317 -1
71 18 353 354 190 176 156 227 347 279 125 135 399 54 348 268 232 382 47 3 -1
72 129 259 348 366 76 117 78 47 277 128 149 181 62 292 111 39 115 175 126 52 -1
73 79 337 10 241 121 338 306 382 73 154 284 372 375 220 14 323 37 275 236 374 279 -1
74 386 179 29 45 376 56 352 239 120 103 220 202 347 225 21 178 230 184 351 147 248 -1
75 170 23 285 294 372 138 101 149 -1
76 13 218 3 351 321 203 310 370 38 41 388 94 146 -1
77 9 393 147 100 223 249 114 340 354 357 197 5 71 342 85 123 40 -1
78 225 182 17 297 204 261 376 328 24 357 258 169 363 270 70 -1
79 232 178 328 391 395 146 136 286 197 96 351 63 101 337 284 377 70 366 -1
80 341 175 370 346 184 51 88 48 167 147 382 33 -1
81 306 37 342 21 178 120 129 398 253 214 3 280 12 -1
82 9 92 374 251 313 203 280 73 3 158 264 69 141 346 205 335 113 124 328 21 -1
83 326 260 264 67 321 126 388 36 26 1 211 120 153 197 171 293 328 14 -1
84 81 38 169 346 298 351 82 238 171 90 347 223 135 157 47 323 166 117 307 144 113 -1
85 332 145 371 290 178 60 369 258 46 343 176 43 295 172 262 -1
86 54 192 311 378 178 257 143 372 274 309 84 103 48 298 147 -1
87 94 131 136 329 95 134 304 321 247 185 167 275 365 28 239 288 264 145 322 356 367 -1
88 190 30 367 231 398 287 225 138 259 23 312 194 187 339 296 -1
89 213 227 376 58 63 395 224 358 122 114 184 87 22 94 -1
90 3 258 115 373 185 232 62 28 284 246 347 39 134 -1
91 143 79 55 16 272 398 77 12 328 166 341 70 54 243 -1
92 358 139 47 136 313 362 218 353 316 369 9 122 367 97 66 297 198 -1
93 168 66 256 139 279 167 -1
94 138 375 88 137 349 383 161 343 79 310 365 276 -1
95 148 243 379 310 298 102 255 100 320 4 312 -1
96 259 90 236 183 247 281 124 74 264 -1
97 341 75 354 7 333 140 -1
98 183 190 52 150 178 107 336 203 238 223 133 176 229 388 -1
99 124 308 21 227 55 132 128 226 71 370 37 313 311 148 201 342 65 210 202 64 58 130 -1
100 65 331 245 38 103 138 51 202 307 99 173 113 194 336 289 211 49 -1
101 129 88 293 214 72 207 20 338 336 -1
102 191 192 187 350 240 77 151 331 128 226 245 349 75 335 8 -1
103 297 275 51 238 290 179 -1
104 210 93 26 15 32 145 19 360 172 175 80 256 158 128 143 16 398 281 367 195 156 -1
105 249 26 47 392 86 121 128 15 133 16 -1
106 293 342 225 121 184 224 364 239 262 356 140 8 205 282 1 198 303 292 381 308 312 266 168 340 -1
107 352 306 9 221 172 72 -1
108 237 5 348 141 355 66 210 19 109 263 3 388 218 226 151 163 134 10 365 316 390 183 117 384 -1
109 22 368 299 77 40 323 129 73 337 10 -1
110 147 241 103 273 34 346 118 286 296 242 287 160 111 336 248 316 48 -1
111 369 41 241 262 269 346 -1
112 334 38 198 267 302 53 285 344 54 305 227 282 143 326 153 99 256 56 195 -1
113 221 173 272 370 369 29 313 11 385 72 310 -1
114 300 126 337 261 376 110 102 293 -1
115 7 21 243 59 65 273 152 45 -1
116 185 357 35 343 74 189 116 265 201 371 358 19 8 257 97 250 347 140 285 297 306 123 21 231 -1
117 267 71 395 376 58 192 15 274 216 209 355 364 235 111 339 -1
118 361 61 286 364 236 18 257 339 232 105 246 48 385 314 307 223 394 231 297 -1
119 359 124 18 171 212 345 36 142 339 289 308 210 6 240 219 347 49 148 315 -1
120 263 79 140 24 12 242 80 156 360 213 259 113 292 267 169 265 350 84 212 312 372 -1
121 357 302 369 325 215 34 275 319 57 392 235 241 258 88 132 25 282 384 -1
122 13 49 40 118 142 95 -1
123 36 68 304 171 121 194 372 108 299 321 157 141 371 92 393 302 49 320 282 -1
124 155 105 79 217 102 88 231 135 112 330 141 197 373 76 280 395 326 165 1 331 7 -1
125 326 400 140 205 103 237 302 333 83 145 291 22 164 65 159 266 30 287 385 -1
126 101 81 205 308 155 80 314 216 309 359 266 106 94 377 252 70 232 226 62 244 317 363 331 -1
127 261 271 184 319 250 -1
128 361 257 90 347 51 262 328 104 224 367 331 370 46 194 326 229 189 182 188 -1
129 171 298 52 372 282 -1
130 286 113 126 14 152 -1
131 267 238 298 94 279 372 40 181 -1
132 397 283 324 110 203 290 367 -1
133 37 315 366 184 314 45 355 22 290 158 66 317 268 285 379 234 246 364 394 50 -1
134 64 275 214 51 281 34 346 -1
135 18 204 271 187 251 304 170 390 113 157 260 275 336 135 332 26 208 180 102 278 229 253 191 -1
136 170 121 297 320 368 277 122 -1
137 260 248 253 33 85 351 327 195 122 146 213 344 188 323 217 190 341 62 -1
138 49 344 257 99 377 318 195 371 348 338 277 -1
139 110 275 12 31 277 9 373 42 178 236 85 396 344 215 165 -1
140 211 215 119 73 178 361 -1
141 65 290 119 316 236 337 212 213 348 74 3 280 83 49 291 210 150 287 367 240 166 -1
142 338 326 347 17 173 134 26 181 98 -1
143 171 251 35 70 130 71 113 91 -1
144 94 194 167 208 362 102 25 6 260 330 60 390 46 24 10 383 -1
145 371 210 97 357 143 56 214 347 78 39 393 293 140 1 280 295 176 208 103 174 52 79 -1
146 361 311 380 170 344 14 166 -1
147 139 331 300 323 269 228 195 386 22 378 234 313 78 129 99 283 221 222 245 288 229 150 -1
148 380 40 94 266 346 38 228 272 246 62 77 294 290 396 207 174 127 20 60 -1
149 350 358 12 344 389 345 259 395 264 13 248 278 123 111 -1
150 359 85 222 347 279 345 166 175 134 286 241 67 183 20 368 45 202 238 218 348 250 -1
151 16 264 227 337 18 87 388 98 274 290 80 324 179 390 94 278 219 103 -1
152 196 166 207 284 10 168 151 217 359 332 89 212 68 81 396 149 285 -1
153 192 14 291 206 122 211 297 327 9 128 35 300 239 57 354 383 10 219 16 -1
154 378 320 164 180 286 288 265 354 360 202 -1
155 83 215 21 74 143 -1
156 364 258 394 254 279 192 175 60 145 384 188 304 35 -1
157 37 180 289 183 31 123 215 -1
158 259 96 48 139 193 33 -1
159 116 131 178 292 8 134 280 396 372 61 87 157 240 331 164 101 127 251 217 -1
160 278 261 306 47 34 182 241 16 106 314 110 112 177 228 18 165 104 83 359 286 372 -1
161 245 355 68 141 74 153 393 166 60 20 63 294 26 221 110 -1
162 233 58 358 37 246 74 213 8 318 -1
163 386 220 104 246 360 82 42 214 138 276 359 322 55 74 -1
164 182 160 243 181 280 169 5 152 253 235 277 71 365 304 -1
165 167 6 8 381 372 199 28 170 75 338 324 385 355 35 62 175 336 68 288 190 106 332 255 -1
166 303 106 317 196 265 207 56 30 320 18 189 246 47 302 75 -1
167 396 246 361 115 330 216 247 50 196 7 193 5 225 58 302 363 142 -1
168 311 338 329 22 313 163 113 42 277 354 389 288 294 184 316 90 386 12 122 273 357 297 123 -1
169 224 138 193 287 312 64 217 158 395 358 34 171 185 -1
170 73 190 399 367 22 262 214 374 366 15 128 174 385 249 136 386 261 380 278 204 86 166 298 34 -1
171 76 150 231 373 45 331 172 236 -1
172 203 84 232 45 388 310 341 81 179 14 123 267 358 35 257 272 21 367 377 165 144 297 382 265 -1
173 249 338 174 30 242 191 72 6 18 215 190 269 233 388 367 112 396 -1
174 178 175 233 381 277 102 157 397 188 344 367 119 -1
175 41 185 291 32 56 365 136 22 245 304 66 318 379 260 140 360 361 13 159 193 -1
176 326 328 54 257 69 144 118 356 -1
177 387 368 73 292 341 100 70 150 129 42 -1
178 244 299 365 51 310 400 296 219 166 -1
179 218 72 109 196 370 271 322 334 -1
180 109 113 124 59 92 339 55 199 180 148 125 43 217 312 141 220 102 -1
181 306 82 39 30 387 -1
182 359 45 188 245 18 333 259 200 269 101 55 -1
183 244 186 285 300 321 259 268 215 187 168 77 190 287 308 152 9 30 188 349 179 -1
184 285 69 160 260 378 59 8 332 352 265 242 166 359 195 155 62 -1
185 153 297 38 245 74 157 59 14 307 61 111 62 188 34 333 321 272 358 -1
186 327 13 15 356 104 156 41 10 38 191 20 363 140 -1
187 74 28 259 53 55 126 42 72 281 323 303 124 96 305 293 26 238 358 79 117 327 240 141 -1
188 210 133 265 39 143 128 119 117 224 290 167 355 238 262 341 68 316 83 76 301 -1
189 156 296 143 32 304 329 205 179 308 220 147 318 291 125 112 4 253 95 -1
190 192 291 371 184 25 207 317 243 279 49 299 350 353 201 61 156 109 221 228 333 377 254 37 271 -1
191 9 122 320 389 296 213 365 16 129 277 230 115 378 360 219 114 136 272 390 238 130 380 -1
192 300 171 216 16 109 212 83 102 -1
193 347 303 83 179 48 360 199 209 301 314 3 69 93 142 235 159 194 112 21 165 -1
194 397 136 26 373 42 389 273 217 72 144 125 381 324 118 133 191 138 392 160 98 185 175 222 126 -1
195 273 98 22 195 48 257 39 165 287 97 299 81 -1
196 343 213 156 205 249 301 290 149 187 285 342 379 172 361 148 293 351 36 100 323 79 137 232 -1
197 202 309 213 359 243 141 250 -1
198 275 51 219 179 157 30 119 24 215 160 10 302 235 203 394 56 84 -1
199 94 91 376 79 179 48 191 292 86 219 355 317 118 161 277 177 394 87 84 325 97 99 -1
200 359 256 242 373 346 19 171 49 10 372 150 270 312 281 289 136 22 296 103 -1
201 137 91 304 356 231 265 62 -1
202 66 174 17 87 127 213 -1
203 77 78 79 56 29 230 369 200 262 179 345 359 194 329 55 385 219 267 89 158 -1
204 149 135 212 153 36 118 99 302 276 326 392 389 312 271 270 336 100 45 374 136 -1
205 295 12 16 112 196 280 294 327 231 278 396 201 321 368 64 179 286 -1
206 86 370 178 364 182 296 353 211 139 20 -1
207 199 78 191 124 243 342 245 184 287 275 294 378 185 338 41 179 297 347 242 257 90 305 284 147 -1
208 195 358 327 213 310 -1
209 320 304 82 108 324 92 373 372 343 10 61 51 29 99 314 188 210 390 40 -1
210 102 310 3 27 223 222 177 299 49 89 207 339 182 127 -1
211 310 270 105 114 121 175 269 298 293 355 1 49 312 83 358 92 347 287 -1
212 54 280 40 138 340 246 299 28 232 262 241 -1
213 284 147 289 282 186 298 390 286 285 62 163 135 197 88 290 179 364 77 -1
214 318 376 249 22 377 4 31 115 28 232 285 176 178 296 331 17 82 -1
215 190 381 107 363 5 388 65 354 -1
216 292 145 281 8 317 97 161 19 342 363 350 241 170 308 24 364 353 6 223 374 208 -1
217 356 95 202 164 21 349 167 17 268 359 235 14 119 225 10 57 154 35 278 346 20 -1
218 32 178 22 10 373 77 30 395 -1
219 267 189 33 218 357 273 274 138 400 -1
220 26 289 74 81 178 328 41 22 117 190 357 337 251 169 245 327 373 192 309 17 138 248 331 -1
221 291 274 127 233 267 211 114 69 398 254 226 350 183 38 99 129 197 382 124 57 39 -1
222 317 44 158 60 182 256 31 17 168 333 -1
223 185 254 393 357 395 144 214 139 200 311 14 244 189 34 162 226 52 324 387 21 61 6 362 119 -1
224 42 258 317 142 285 134 347 2 -1
225 46 137 35 310 253 -1
226 252 240 152 391 259 399 177 287 107 203 309 316 188 -1
227 244 254 297 319 320 188 202 313 143 390 285 26 75 27 240 -1
228 239 142 59 225 74 161 36 242 246 169 116 49 287 249 -1
229 9 380 236 326 246 19 301 215 73 210 -1
230 330 23 325 274 33 250 22 104 212 317 368 336 277 -1
231 111 7 376 118 161 59 22 259 308 256 146 331 281 178 288 243 63 185 212 278 298 -1
232 177 17 113 269 275 181 121 241 393 340 94 38 188 116 105 399 330 159 383 13 26 228 -1
233 157 292 110 236 350 279 392 66 325 175 -1
234 21 104 365 205 297 20 380 390 374 31 2 42 262 122 -1
235 166 335 58 83 316 -1
236 312 33 186 41 208 -1
237 132 38 254 299 227 43 100 302 24 172 75 220 211 119 58 289 310 354 -1
238 82 162 46 266 220 254 112 269 294 19 -1
239 114 379 280 179 112 130 386 45 -1
240 149 30 146 397 240 141 287 211 144 187 68 254 290 139 88 381 155 212 315 -1
241 57 363 290 66 34 336 73 362 358 130 291 275 14 204 400 244 196 76 78 141 110 202 -1
242 191 12 166 365 93 134 246 325 144 219 23 230 34 307 264 120 47 143 368 350 182 316 302 56 -1
243 204 25 202 54 67 315 115 9 -1
244 166 372 46 20 22 247 201 248 300 281 334 383 104 61 31 96 3 189 121 90 206 346 215 161 -1
245 291 385 169 163 183 180 137 119 290 396 32 102 331 261 98 378 224 214 106 25 338 -1
246 203 326 342 279 313 90 43 56 97 130 205 258 334 274 211 48 197 311 -1
247 223 142 39 91 72 12 326 331 -1
248 273 84 40 81 179 150 20 399 252 309 51 100 184 21 296 281 284 130 293 71 78 -1
249 313 386 188 308 270 197 278 109 239 341 224 145 130 116 -1
250 209 65 338 86 217 363 33 341 374 281 76 218 359 47 365 345 117 336 -1
251 393 256 334 59 109 32 290 304 364 243 237 3 341 97 162 322 288 104 10 96 58 318 -1
252 373 204 395 335 99 28 348 144 210 108 328 77 400 250 309 87 147 169 243 46 358 270 353 -1
253 50 95 187 310 286 303 112 2 256 67 5 51 247 338 184 -1
254 382 259 15 109 205 228 219 140 288 12 293 224 368 300 177 33 96 105 -1
255 171 192 48 359 305 83 105 331 87 332 245 292 191 271 355 366 181 1 19 128 309 95 -1
256 59 18 167 349 135 67 175 -1
257 21 204 104 240 176 138 360 35 103 1 106 339 341 389 77 327 236 79 155 41 382 25 -1
258 187 159 74 261 303 331 388 188 276 361 21 179 271 304 27 -1
259 134 213 128 272 243 145 64 167 88 152 212 259 44 359 251 225 268 -1
260 318 171 271 110 8 361 254 214 236 206 27 107 181 315 132 366 325 246 -1
261 50 36 358 124 376 391 241 27 33 334 393 249 373 349 182 174 68 265 251 111 253 18 63 -1
262 41 12 288 101 116 381 -1
263 139 240 396 107 221 -1
264 184 292 183 190 175 357 137 215 235 -1
265 247 133 296 226 376 175 6 188 287 106 272 237 368 75 35 137 178 104 169 197 115 359 234 -1
266 141 100 349 294 354 65 215 -1
267 227 114 39 166 239 183 398 -1
268 14 343 13 256 358 195 167 220 39 306 223 158 -1
269 394 356 169 194 73 120 379 324 252 234 268 209 270 321 206 3 232 219 31 197 229 -1
270 246 377 372 399 23 184 142 265 270 283 394 139 153 -1
271 50 238 338 5 51 31 376 92 197 13 28 365 207 319 228 285 242 10 140 220 237 -1
272 246 53 319 352 264 371 11 223 202 -1
273 124 204 188 367 386 106 231 91 389 51 337 255 399 335 79 310 250 -1
274 259 141 5 120 247 48 332 302 179 330 132 10 28 374 160 -1
275 221 83 198 66 206 23 288 308 161 253 306 163 184 309 80 214 149 138 257 54 -1
276 252 321 120 296 155 272 228 178 139 367 376 152 387 56 378 368 127 61 -1
277 154 135 29 121 120 136 72 9 68 60 390 342 273 293 312 357 303 99 193 391 258 105 361 392 -1
278 260 357 22 154 372 131 396 166 94 203 229 236 375 190 -1
279 40 235 342 246 162 85 217 84 308 169 129 64 396 15 152 47 117 -1
280 211 113 181 392 98 -1
281 142 199 3 140 231 236 37 5 350 166 -1
282 253 335 221 329 125 216 -1
283 318 259 337 72 234 102 261 374 38 350 34 235 336 356 124 119 321 64 179 256 393 -1
284 391 145 51 294 377 2 276 364 266 396 253 184 230 233 86 334 55 189 110 -1
285 284 394 245 181 235 21 7 351 220 93 46 84 182 244 50 -1
286 175 83 24 68 217 -1
287 130 24 303 192 127 337 51 283 59 250 21 48 66 181 15 -1
288 157 372 238 398 155 -1
289 39 21 238 382 105 241 266 31 60 106 379 385 69 190 151 287 268 -1
290 216 46 110 120 305 49 127 76 116 208 344 7 193 32 -1
291 177 254 10 83 321 17 35 95 204 327 50 255 180 126 343 -1
292 30 141 158 159 380 124 29 130 193 275 134 399 32 238 372 34 -1
293 200 254 166 350 152 226 313 215 357 234 42 228 337 297 211 371 139 157 125 70 207 153 26 365 -1
294 227 344 164 284 248 189 264 51 -1
295 78 100 92 156 96 133 230 310 225 -1
296 290 176 319 5 172 329 257 194 153 258 321 334 -1
297 45 294 18 280 276 -1
298 372 140 147 124 380 36 238 92 175 354 385 396 68 260 82 207 196 29 317 73 9 180 -1
299 106 173 243 111 86 59 177 156 294 131 380 332 239 147 297 146 -1
300 311 334 286 165 395 80 167 155 122 289 110 90 -1
-1
1 48 0
2 0 12
3 75 0
4 46 100
5 29 100
6 0 83
7 35 100
8 100 42
9 35 100
10 28 100
11 89 0
12 27 100
13 100 23
14 100 75
15 0 27
16 63 100
17 100 54
18 66 100
19 100 43
20 17 100
21 100 81
22 74 0
23 100 40
24 0 76
25 0 9
26 43 0
27 82 100
28 58 0
29 73 0
30 33 100
31 50 0
32 0 37
33 84 0
34 0 48
35 0 11
36 100 31
37 1 100
38 100 25
39 90 0
40 0 96
41 0 42
42 50 100
43 0 96
44 0 74
45 0 56
46 100 72
47 100 36
48 17 100
49 38 0
50 100 73
51 48 0
52 99 100
53 0 95
54 20 0
55 20 100
56 100 38
57 61 0
58 0 45
59 0 10
60 74 100
61 61 100
62 0 65
63 80 0
64 44 0
65 0 1
66 100 31
67 100 97
68 93 100
69 100 47
70 100 17
71 100 22
72 63 100
73 0 70
74 0 88
75 0 63
-1
