1 32 13 45 30 21 36 6 27 50 -1
2 10 9 33 50 27 30 -1
3 13 7 2 40 45 32 -1
4 16 40 18 23 38 19 -1
5 21 9 38 50 33 4 17 7 31 20 37 8 47 11 -1
6 33 13 16 6 7 20 5 43 -1
7 44 19 8 39 14 12 -1
8 45 33 6 20 39 42 21 47 24 25 -1
9 4 3 18 2 30 48 16 37 15 39 45 7 25 -1
10 47 33 12 48 46 44 21 37 24 15 10 -1
11 34 9 36 49 50 6 4 33 11 -1
12 26 34 29 10 22 15 7 27 31 17 9 18 44 2 -1
13 10 6 33 29 14 18 42 40 47 -1
14 36 25 37 19 7 44 -1
15 27 26 44 11 1 50 14 34 17 18 28 49 -1
16 1 44 40 45 9 38 26 7 -1
17 13 12 11 44 39 17 49 45 -1
18 34 41 33 47 9 23 29 32 28 24 8 -1
19 17 5 46 30 11 14 33 44 26 8 42 -1
20 16 25 28 31 5 7 35 19 8 9 11 -1
21 14 22 6 26 36 3 27 -1
22 19 12 11 29 18 23 39 28 -1
23 8 32 18 38 11 2 31 23 13 10 3 22 -1
24 5 37 25 1 40 18 -1
25 39 11 47 6 25 17 36 16 10 37 -1
26 35 41 43 -1
-1
