1 14 23 29 44 46 50 7 -1
2 17 32 33 11 35 16 50 49 13 -1
3 20 28 10 29 4 21 18 11 -1
4 2 4 49 45 20 19 -1
5 17 1 16 23 26 46 7 32 -1
6 19 27 43 35 50 6 18 47 42 49 4 -1
7 16 34 2 30 43 23 -1
8 11 28 4 50 6 17 8 45 -1
9 1 37 36 31 28 49 35 47 12 -1
10 28 21 32 39 38 5 29 49 22 25 -1
11 6 9 25 26 15 27 -1
12 8 44 23 26 16 20 46 12 38 1 19 40 24 -1
13 45 39 22 40 33 32 46 21 11 13 2 8 48 -1
14 4 12 10 46 28 48 -1
15 3 9 46 23 20 4 2 8 34 18 36 35 -1
16 5 4 26 12 3 37 6 29 17 21 -1
17 31 43 6 3 49 11 1 12 8 27 18 -1
18 25 29 41 8 26 36 39 44 7 37 31 12 -1
19 10 36 42 34 39 49 29 18 7 31 8 -1
20 13 24 50 12 1 38 17 23 18 21 30 7 31 49 -1
21 4 34 43 39 3 21 46 27 5 31 20 9 -1
22 8 29 11 47 42 -1
23 18 21 7 29 19 22 23 20 2 -1
24 25 35 42 17 29 7 27 -1
25 6 8 24 29 39 23 15 40 50 30 42 49 -1
26 22 39 31 6 10 48 42 21 46 19 15 24 17 -1
27 46 48 47 27 10 16 28 50 -1
28 35 33 39 40 31 6 45 1 37 47 8 41 -1
29 32 4 3 22 6 29 28 23 16 19 13 33 2 34 -1
30 14 -1
-1
