1 59 44 11 6 56 41 -1
2 31 21 56 32 51 19 33 -1
3 37 42 52 8 53 39 30 -1
4 11 45 6 40 57 12 41 -1
5 8 43 56 46 45 35 13 31 4 15 18 12 59 14 41 -1
6 29 5 49 38 50 57 60 25 7 46 36 40 56 -1
7 10 51 2 32 53 30 -1
8 1 58 43 50 45 56 40 3 35 29 41 46 59 4 26 -1
9 25 15 60 40 58 8 -1
10 36 43 12 45 60 49 28 34 -1
11 7 50 53 23 30 16 60 24 54 19 1 52 17 27 -1
12 9 46 40 26 16 42 53 21 43 19 18 -1
13 57 58 31 33 15 13 48 34 -1
14 55 11 38 22 36 13 42 18 29 52 50 -1
15 16 27 37 24 29 57 41 32 58 13 36 5 -1
16 44 32 25 31 23 18 26 15 14 -1
17 21 42 11 20 15 47 7 8 32 25 34 -1
18 16 5 37 59 6 30 -1
19 58 27 20 51 30 26 55 -1
20 39 34 9 26 24 25 41 47 19 15 17 31 -1
21 56 36 50 31 27 4 55 -1
22 59 18 42 58 46 22 7 28 53 32 -1
23 6 23 1 55 17 56 -1
24 5 29 39 26 30 4 -1
25 30 37 35 9 24 11 3 13 14 -1
26 21 31 46 56 59 22 2 13 38 -1
27 21 7 25 55 18 30 15 20 -1
28 32 25 46 51 8 13 45 -1
29 45 52 11 10 53 28 13 44 16 43 21 37 -1
30 24 34 47 51 39 20 53 45 28 21 5 37 18 -1
31 3 12 28 36 19 51 49 -1
32 57 59 43 19 29 8 4 26 7 31 50 5 -1
33 46 2 58 50 18 37 48 40 -1
34 25 15 29 23 26 -1
35 19 5 49 1 13 24 17 31 37 6 21 15 25 -1
36 9 20 55 42 10 51 26 43 -1
37 2 39 55 5 10 -1
38 13 42 3 11 41 53 4 -1
39 54 36 3 9 20 15 6 21 53 44 38 55 -1
40 13 -1
-1
